Agathazeller Moos		123.350				2.385 ft 					47,56  	10,27  	47	33	22	10	16	20
Aichach		122.300				1.444 ft 					48,48  	11,14  	48	28	33	11	8	13
Alsfeld		123.500				951 ft 	24. Jun				50,75  	9,25  	50	44	56	9	14	56
Altdorf Hagenhausen		129.975				1.752 ft 	23. Mai	500 m 		G	49,39  	11,42  	49	23	12	11	25	17
Alte Ems Herbrum		123.150				8 ft 					53,03  	7,30  	53	1	53	7	18	17
Altenbachtal		123.500				433 ft 					49,92  	9,16  	49	55	24	9	9	28
Altfeld		130.125	123.500			1.129 ft 					49,83  	9,54  	49	49	55	9	32	14
Altötting		123.500				1.311 ft 					48,22  	12,65  	48	12	59	12	38	49
Am Hohen Polster		123.425									50,49  	10,05  	50	29	21	10	3	10
Am Salzgittersee		130.125				266 ft 	22. Apr	585 m 		G	52,17  	10,32  	52	10	11	10	18	57
Am Stauffenberg		123.500				1.148 ft 					51,36  	9,63  	51	21	42	9	37	39
Amöneburg		122.475				787 ft 					50,79  	8,91  	50	47	24	8	54	21
An den Sieben Bergen		123.500				410 ft 					52,06  	9,81  	52	3	30	9	48	39
Andernach		123.500				410 ft 					50,37  	7,44  	50	22	24	7	26	19
Annaberg		122.000									50,57  	13,02  	50	34	26	13	1	25
Antersberg		123.350				1.604 ft 					47,96  	12,00  	47	57	47	11	59	44
Arnsberg Ruhrwiel		123.400				591 ft 	23. Mai				51,40  	8,07  	51	23	46	8	3	57
Asperden Knobbenh		123.500				52 ft 	28. Okt	760 m 		G	51,69  	6,10  	51	41	27	6	6	13
Asslarer Hütte		129.975				761 ft 	18/36	600 m 		G	50,60  	8,44  	50	35	53	8	26	38
Aue Bei Hattorf		122.200				617 ft 					51,63  	10,25  	51	37	59	10	15	8
Auf der Schaufel		123.350				1.017 ft 					51,10  	9,15  	51	5	46	9	8	46
Aukrug		123.350				82 ft 					54,06  	9,80  	54	3	51	9	48	3
Aventoft		122.400				2 ft 					54,90  	8,82  	54	53	46	8	49	11
Babenhausen		123.150				436 ft 					49,95  	8,97  	49	56	56	8	57	56
Bad Brückenau		123.350				1.321 ft 					50,27  	9,82  	50	16	19	9	49	26
Bad Buchau		123.150				1.904 ft 					48,06  	9,65  	48	3	28	9	38	51
Bad Königshofen		130.125				1.027 ft 					50,29  	10,42  	50	17	15	10	25	20
Bad Kreuznach		118.275				342 ft 					49,85  	7,89  	49	51	6	7	53	26
Bad Marienberg		129.975				1.729 ft 					50,66  	8,03  	50	39	44	8	1	42
Bad Waldsee		123.000		S	3000	1.887 ft 	15/33	660 m 		G	47,91  	9,70  	47	54	52	9	41	56
Bad Wörishofen		123.350				2.034 ft 					48,02  	10,62  	48	0	59	10	36	58
Bad Zwischenahn		123.500				30 ft 					53,21  	7,99  	53	12	39	7	59	20
Baldenau		122.475				367 ft 					48,87  	8,21  	48	52	26	8	12	50
Bartholomä		123.350				2.090 ft 					48,74  	10,01  	48	44	12	10	0	28
Baumerlenbach		123.150				758 ft 					49,23  	9,42  	49	13	51	9	25	5
Benediktbeuren		123.500				1.991 ft 					47,72  	11,39  	47	42	57	11	23	26
Bensheimer Stadtw		123.375				328 ft 					49,69  	8,58  	49	41	24	8	34	57
Bergheim		130.125				230 ft 					50,97  	6,61  	50	57	54	6	36	28
Berliner Heide		123.500				226 ft 					52,67  	10,37  	52	40	12	10	22	12
Berneck		123.475				2.447 ft 					48,57  	9,73  	48	34	27	9	43	44
Bischofsberg		122.200				1.083 ft 					50,43  	10,29  	50	25	57	10	17	10
Bisperode West		123.500				558 ft 					52,08  	9,48  	52	4	42	9	28	36
Blexen Bei Nordhs		123.500				10 ft 					53,54  	8,54  	53	32	21	8	32	22
Boberg		122.200				7 ft 					53,51  	10,15  	53	30	48	10	9	11
Bohlenberger Feld		123.500				26 ft 					53,42  	7,90  	53	25	7	7	54	13
Bolhof		129.975				1.863 ft 					47,65  	8,39  	47	39	3	8	23	12
Bollrich		123.150	123.475			892 ft 					51,91  	10,46  	51	54	22	10	27	44
Borghorst Füchte		123.350				164 ft 					52,15  	7,45  	52	9	3	7	27	11
Brannenburg		122.500				1.512 ft 					47,74  	12,12  	47	44	30	12	6	54
Braunfels		123.150				787 ft 					50,52  	8,39  	50	31	16	8	23	27
Brockzetel		123.500				30 ft 					53,48  	7,66  	53	28	54	7	39	25
Büchel		122.100				1.561 ft 					50,18  	7,06  	50	10	30	7	3	53
Büchig		123.375				1.260 ft 					50,45  	10,25  	50	26	55	10	15	10
Bückeburg Weinberg		129.975				262 ft 					52,25  	9,02  	52	15	8	9	1	8
Bundenthal Rumbach		123.350				942 ft 					49,10  	7,79  	49	5	43	7	47	34
Büren Schwalnberg		123.350				909 ft 					51,54  	8,58  	51	32	35	8	34	54
Burgberg Witznhau		123.500				699 ft 					51,35  	9,83  	51	21	3	9	49	32
Burgheim Schwaben		123.350				1.325 ft 					48,69  	11,03  	48	41	27	11	1	56
Butzbach Pfingstw		123.475				1.083 ft 					50,44  	8,63  	50	26	17	8	37	30
Cham  Janahof		130.125	123.150			1.201 ft 					49,21  	12,66  	49	12	36	12	39	25
Crawinkel		126.500		NW	2200	1.552 ft 	23. Mai	500 m 		G	50,78  	10,82  	50	46	39	10	48	54
Daun Senfeld		123.350	123.500			1.722 ft 					50,18  	6,86  	50	10	45	6	51	53
Deckenpfronn Egls		130.125	123.500			1.896 ft 					48,64  	8,82  	48	38	14	8	49	4
Degmann		123.500				509 ft 					49,26  	9,28  	49	15	31	9	16	38
Dehausen Diemelst		123.150				984 ft 					51,46  	9,05  	51	27	48	9	2	56
Der Dingel Hümme		123.150				741 ft 					51,54  	9,38  	51	32	14	9	22	56
Der Ring Schwalms		123.375				696 ft 					50,89  	9,25  	50	53	29	9	14	56
Dillingen		130.125				804 ft 					49,39  	6,75  	49	23	12	6	44	55
Dobenreuth		123.350				1.066 ft 					49,69  	11,15  	49	41	23	11	8	50
Dornberg Sontra		123.500				1.345 ft 					51,09  	9,92  	51	5	17	9	55	5
Dornsode		123.350				23 ft 					53,58  	9,04  	53	34	37	9	2	22
Dorsten Kanal		123.350				118 ft 					51,66  	6,99  	51	39	41	6	59	6
Dürabuch		123.500				1.739 ft 					48,26  	11,21  	48	15	47	11	12	36
Düren-Hürtgenw.		123.500				1.174 ft 					50,69  	6,42  	50	41	37	6	25	2
Düsseld Wolfsaap		123.500				371 ft 					51,27  	6,85  	51	15	54	6	51	9
Eibinger-Forstw.		123.500				1.394 ft 					50,02  	7,90  	50	1	0	7	53	50
Ellwangen		122.000				1.649 ft 	30. Dez	785 m 	30 m 	G	48,96  	10,24  	48	57	39	10	14	12
Emmerich		123.350	123.150			52 ft 					51,82  	6,27  	51	49	23	6	16	24
Erbendorf Schweis		123.350				1.624 ft 					49,84  	12,07  	49	50	37	12	4	1
Ernzen		123.425				1.131 ft 					49,83  	6,44  	49	49	46	6	26	17
Eschenlohe		122.300				2.060 ft 					47,62  	11,18  	47	37	26	11	11	3
Esslingen Jägerh		122.475				1.608 ft 					48,76  	9,33  	48	45	41	9	20	4
Essweiler		129.975				1.247 ft 					49,56  	7,58  	49	33	40	7	34	45
Etting Adelmannsb		123.500				1.250 ft 					48,81  	11,42  	48	48	41	11	25	23
Eudenbach		118.425				981 ft 					50,67  	7,36  	50	40	20	7	21	48
Eutingen		129.975				1.637 ft 					48,50  	8,78  	48	29	43	8	46	44
Farrenberg		123.475				2.641 ft 					48,39  	9,08  	48	23	10	9	4	36
Fichtelbrunn		122.300	123.350			1.614 ft 					49,50  	11,66  	49	29	54	11	39	33
Fischbek		129.975				203 ft 					53,46  	9,83  	53	27	26	9	49	56
Frechen		130.125				433 ft 					50,92  	6,77  	50	55	25	6	46	22
Friesener Warte		122.200				1.699 ft 					49,84  	11,05  	49	50	11	11	2	50
Fulda  Johannisau		122.400				1.558 ft 	26. Aug	588 m 	30 m 	G	50,53  	9,68  	50	31	56	9	40	56
Fürstenfeldbruck		122.100				1.702 ft 					48,21  	11,27  	48	12	20	11	16	1
Fürth Seckendorf		123.475	123.500			1.043 ft 					49,48  	10,86  	49	28	56	10	51	31
Füssen		123.350				2.569 ft 					47,58  	10,69  	47	35	3	10	41	8
Gammelsdorf		129.975				1.588 ft 					48,57  	11,94  	48	34	28	11	56	6
Garbenheimer Wies		122.300				495 ft 					50,57  	8,53  	50	34	16	8	31	37
Gedern		123.475				1.214 ft 					50,43  	9,19  	50	25	56	9	11	39
Geilenkirchen-Tevern		122.100				285 ft 					50,96  	6,04  	50	57	39	6	2	33
Geitau		123.400				2.657 ft 					47,68  	11,96  	47	40	57	11	57	45
Geratshof		123.500				2.073 ft 					47,99  	10,84  	47	59	34	10	50	39
Giessen  Wieseck		123.350				541 ft 					50,60  	8,73  	50	36	17	8	44	1
Grabenstetten		130.125				2.297 ft 					48,54  	9,44  	48	32	10	9	26	11
Grambeker Heide		123.400				135 ft 					53,58  	10,68  	53	34	56	10	40	56
Greding		122.500				1.716 ft 					49,06  	11,29  	49	3	45	11	17	29
Greiling		123.350				2.352 ft 					47,77  	11,60  	47	45	56	11	35	54
Grevenbroich		123.500				292 ft 					51,08  	6,55  	51	4	38	6	32	49
Grifte Edermünde		123.150				656 ft 					51,22  	9,45  	51	13	15	9	26	48
Grosse Höhe		123.375				66 ft 					52,99  	8,57  	52	59	11	8	34	20
Grosse Wiese Geb		123.350	123.150			256 ft 					52,14  	10,57  	52	8	23	10	34	4
Großes Moor		122.200				141 ft 					52,54  	10,02  	52	32	13	10	1	17
Gruibingen Nortel		129.975				2.316 ft 					48,62  	9,66  	48	37	17	9	39	21
Grünstadt Quirnh		122.300				1.033 ft 					49,59  	8,13  	49	35	8	8	7	50
Günterode		122.200				1.191 ft 					51,41  	10,15  	51	24	34	10	8	51
Hagen Hof		122.725				1.280 ft 					51,31  	7,42  	51	18	24	7	25	18
Haiterbach Nagold		123.350				1.952 ft 					48,53  	8,68  	48	31	54	8	40	36
Hallertau		123.350				1.263 ft 					48,65  	11,60  	48	38	59	11	35	51
Halver Im Heede		123.350				1.371 ft 					51,17  	7,51  	51	10	26	7	30	42
Hangensteinerhof		123.150				968 ft 					48,92  	8,82  	48	55	15	8	49	25
Hartenstein		120.975				1.361 ft 					50,68  	12,68  	50	40	36	12	40	55
Hasselfelde		123.425				1.640 ft 					51,71  	10,86  	51	42	21	10	51	42
Hassloch Pfalz		123.500				354 ft 					49,36  	8,29  	49	21	22	8	17	30
Hayingen		123.500				2.323 ft 					48,29  	9,46  	48	17	16	9	27	41
Heilbronn Böckin		123.500				512 ft 					49,12  	9,18  	49	7	21	9	10	58
Heiligenberg		123.500				2.493 ft 					47,83  	9,30  	47	49	57	9	18	6
Hellenhagen		123.150				656 ft 					52,03  	9,57  	52	1	36	9	34	13
Hellingst		123.500				75 ft 					53,38  	8,85  	53	22	32	8	51	1
Hengsen Opherdick		123.450				410 ft 					51,47  	7,66  	51	28	27	7	39	18
Heppenheim  Lande		122.475				312 ft 					49,62  	8,62  	49	37	15	8	37	29
Hermuthausen		123.350	123.500			1.342 ft 					49,31  	9,74  	49	18	53	9	44	41
Hersbruck		123.350	123.500			1.109 ft 					49,51  	11,45  	49	30	26	11	27	0
Hessisch Lichtenau		123.500				1.345 ft 					51,19  	9,75  	51	11	26	9	44	56
Hienheim		123.500				1.312 ft 					48,88  	11,76  	48	52	40	11	45	45
Hilden Kesselweie		123.375				295 ft 					51,19  	6,97  	51	11	14	6	58	29
Hilzingen		123.375				1.486 ft 					47,76  	8,77  	47	45	37	8	46	3
Hirzenhain Nordwe		118.325				1.772 ft 					50,80  	8,38  	50	48	8	8	22	38
Hoffeld		123.500				1.549 ft 					48,42  	10,15  	48	25	17	10	9	6
Hoherodskopf		123.150				2.198 ft 					50,50  	9,22  	50	29	56	9	12	56
Holtorfsloh		123.350				164 ft 					53,32  	10,07  	53	19	20	10	4	27
Homberg Ohm		123.500				1.148 ft 					50,75  	9,02  	50	44	50	9	1	11
Höpen		122.475				239 ft 					53,15  	9,80  	53	8	51	9	47	46
Hörbach		130.125				1.083 ft 					50,67  	8,22  	50	40	14	8	13	22
Hornberg		122.025				2.215 ft 					48,75  	9,86  	48	44	44	9	51	46
Hoya		122.475				56 ft 					52,81  	9,16  	52	48	43	9	9	44
Huhnrain		133.425				1.378 ft 					50,49  	9,85  	50	29	24	9	50	42
Hülben		123.150				2.362 ft 					48,53  	9,40  	48	31	50	9	24	1
Hütten Hotzenwld		130.125				2.864 ft 					47,63  	7,94  	47	38	2	7	56	28
Illesheim Mil		122.100				1.078 ft 					49,47  	10,39  	49	28	26	10	23	19
Irsingen		122.475				1.526 ft 					49,04  	10,50  	49	2	19	10	30	12
Iserlohn Rheinerm		123.500				627 ft 					51,43  	7,64  	51	25	45	7	38	36
Iserlohn Sümmern		122.425				509 ft 					51,44  	7,70  	51	26	12	7	41	59
Isny Rotmoos		123.500				2.247 ft 					47,70  	10,02  	47	42	3	10	1	18
Ithwiesen		123.375	122.300			1.214 ft 					51,95  	9,66  	51	57	8	9	39	41
Johannisau		122.300				820 ft 					50,53  	9,66  	50	31	56	9	39	26
Kamen Heeren		129.975				203 ft 					51,59  	7,71  	51	35	23	7	42	32
Kammermark		123.500				289 ft 					53,20  	12,17  	53	11	42	12	9	55
Karlstadt Saupurz		123.475	123.500			801 ft 					49,97  	9,79  	49	58	16	9	47	26
Kaufbeuren		122.100				2.352 ft 					47,86  	10,61  	47	51	44	10	36	53
Kell		123.150				1.837 ft 					49,62  	6,84  	49	37	24	6	50	24
Kirchheim, Teck		123.250				1.155 ft 					48,63  	9,43  	48	37	55	9	25	55
Kirchzarten		122.475				1.342 ft 					47,95  	7,96  	47	57	6	7	57	21
Kirn		122.300	123.370			1.427 ft 					49,78  	7,51  	49	47	0	7	30	50
Klein Gartz		122.200				112 ft 					52,83  	11,32  	52	49	45	11	19	10
Kleve Wisseler Du		123.500				59 ft 					51,77  	6,30  	51	45	58	6	17	57
Klippeneck		122.175				3.117 ft 					48,11  	8,76  	48	6	27	8	45	46
Königsdorf		118.275				1.972 ft 					47,83  	11,46  	47	49	49	11	27	44
Konz Könen		123.350				705 ft 					49,68  	6,54  	49	40	40	6	32	38
Kreuzbruch		122.200				0 ft 					52,82  	13,43  	52	49	16	13	25	35
Kronach Kreuzberg		123.350	123.500			1.486 ft 					50,24  	11,36  	50	14	37	11	21	34
Kusel Langenbach		123.350				1.476 ft 					49,48  	7,31  	49	28	45	7	18	37
Landau  Ebenberg		123.375				525 ft 					49,18  	8,14  	49	10	39	8	8	9
Landsberg, Lech		129.850				2.034 ft 					48,07  	10,91  	48	4	14	10	54	22
Langenberg Hatten		123.500				1.148 ft 					50,80  	9,56  	50	47	52	9	33	45
Langenfeld Wiesch		122.475				282 ft 					51,14  	6,99  	51	8	28	6	59	7
Langenselbold		129.975				394 ft 					50,18  	9,06  	50	10	30	9	3	36
Laufenselden		122.475				1.312 ft 					50,23  	8,00  	50	13	32	7	59	57
Leibertingen		129.975				2.723 ft 					48,04  	9,03  	48	2	38	9	1	49
Leuzendorf		123.500				1.512 ft 					49,35  	10,08  	49	21	7	10	4	31
Lindlar		123.500				1.020 ft 					50,99  	7,37  	50	59	40	7	22	20
Löchgau		123.475				873 ft 					49,00  	9,08  	49	0	4	9	4	57
Ludwigshafen  Dan		130.125				315 ft 					49,41  	8,35  	49	24	42	8	20	54
Lüneburg		122.175				161 ft 	25. Jul	980 m 	30 m 	G	53,25  	10,46  	53	14	50	10	27	46
Lünen Lippeweidn		123.500				161 ft 					51,62  	7,50  	51	37	3	7	30	6
Malmsheim		122.200				1.476 ft 					48,78  	8,92  	48	46	58	8	55	6
Malsch		129.975				420 ft 					49,24  	8,68  	49	14	14	8	40	42
Manching		122.100				1.200 ft 					48,72  	11,53  	48	42	55	11	32	2
Markdorf		123.350				1.394 ft 					47,71  	9,39  	47	42	22	9	23	18
Marpingen		123.475				1.181 ft 					49,45  	7,04  	49	27	11	7	2	21
Meiersberg		130.125				479 ft 					51,30  	6,96  	51	17	56	6	57	27
Menden Barge		123.500				676 ft 					51,45  	7,83  	51	27	0	7	49	57
Michelbach Am Asp		123.375				987 ft 					50,22  	8,07  	50	13	13	8	4	12
Möcksmühl Korb		129.975				1.112 ft 					49,34  	9,40  	49	20	40	9	24	6
Mönchsheide		129.975				673 ft 					50,51  	7,26  	50	30	33	7	15	25
Montabaur		123.350				856 ft 					50,43  	7,83  	50	25	30	7	49	40
Mülben		130.125				1.690 ft 					49,45  	9,11  	49	27	11	9	6	20
Müllheim		129.975				955 ft 					47,82  	7,64  	47	49	17	7	38	25
Münsingen Eisbrg		123.500				2.379 ft 					48,41  	9,44  	48	24	34	9	26	28
Musbach		130.125				2.280 ft 					48,50  	8,48  	48	30	10	8	28	42
Nastätten		130.125				1.201 ft 					50,20  	7,20  	50	11	50	7	11	50
Neresheim		130.125				1.774 ft 					48,74  	10,33  	48	44	29	10	19	32
Neuburg-Zell		129.850				1.246 ft 					48,71  	11,21  	48	42	40	11	12	42
Neu-Gülze		123.500				39 ft 					53,38  	10,81  	53	22	54	10	48	18
Neunkirchen Bexba		123.050				892 ft 					49,34  	7,27  	49	20	7	7	15	57
Nidda Auf D Helms		123.375				545 ft 					50,40  	8,98  	50	23	56	8	58	56
Oberems		123.350				1.312 ft 					50,24  	8,40  	50	14	36	8	23	52
Oberhinkofen		122.300				1.299 ft 					48,95  	12,14  	48	56	56	12	8	34
Ochsenhausen		123.500				2.133 ft 					48,05  	9,92  	48	3	11	9	54	56
Oppershausen		122.475				141 ft 					52,60  	10,22  	52	35	46	10	13	19
Oppingen Au		123.150				2.231 ft 					48,56  	9,82  	48	33	19	9	49	17
Osterholz Scharmb		130.125				7 ft 					53,21  	8,81  	53	12	50	8	48	38
Ottenberg		123.500	123.350			1.837 ft 					49,33  	11,47  	49	19	41	11	28	26
Öventrop		123.350				692 ft 					51,40  	8,15  	51	23	45	8	8	52
Paterzell		123.350				2.001 ft 					47,85  	11,06  	47	50	57	11	3	43
Peine Glindbruch		123.350				230 ft 					52,32  	10,18  	52	19	26	10	10	59
Peissenberg Fendt		123.500				1.988 ft 					47,83  	11,07  	47	49	57	11	4	0
Perleberg		122.300				98 ft 					53,07  	11,82  	53	4	13	11	49	6
Pfingstweide		123.475				1.083 ft 					50,44  	8,63  	50	26	10	8	37	30
Pitzwalk		123.500				289 ft 					53,20  	12,16  	53	11	45	12	9	53
Plätzer		123.500				1.115 ft 					50,71  	9,73  	50	42	30	9	43	56
Pleidelsheim		123.500				617 ft 					48,95  	9,19  	48	56	56	9	11	18
Pohlheim Viehheid		123.150				774 ft 					50,53  	8,74  	50	31	56	8	44	8
Poltringen Ammerbu		123.050				1.316 ft 					48,55  	8,94  	48	32	49	8	56	41
Quakenbrück		122.300	123.350			82 ft 					52,66  	7,92  	52	39	50	7	55	16
Radevormwald Leye		123.475				1.276 ft 					51,22  	7,38  	51	12	59	7	22	57
Rammertshof		123.500	123.350			1.260 ft 					49,44  	11,81  	49	26	21	11	48	23
Reinheim		123.475				509 ft 					49,84  	8,85  	49	50	21	8	50	56
Reiselfingen		123.000				2.421 ft 					47,85  	8,37  	47	51	7	8	22	20
Riedelbach		130.125				1.686 ft 					50,30  	8,38  	50	18	6	8	22	59
Riedlingen		129.975				1.732 ft 					48,14  	9,47  	48	8	40	9	28	1
Riesa  Canitz		123.500				403 ft 					51,30  	13,23  	51	18	13	13	13	38
Riesenkopf Flints		122.500				1.570 ft 					47,72  	12,12  	47	43	22	12	6	55
Rossfeld		122.475				2.625 ft 					48,51  	9,33  	48	30	49	9	20	4
Rote Wiese Helmst		122.475				364 ft 					52,23  	10,98  	52	14	5	10	58	51
Rothenberg		123.150				1.558 ft 					49,48  	8,93  	49	28	36	8	55	56
Rüdesheim Eibing		123.500				1.394 ft 					50,02  	7,90  	50	0	56	7	53	47
Saal Saale Kreuzberg		122.475	123.500			860 ft 					50,31  	10,37  	50	18	34	10	22	20
Salzgitter Schäf		122.500				742 ft 	29. Nov	950 m 	50 m 	G	52,03  	10,35  	52	1	53	10	21	16
Salzwedel  Kgartz		122.200				112 ft 					52,83  	11,32  	52	49	56	11	18	56
Schäfhalde		123.500	123.350			2.067 ft 					48,69  	10,10  	48	41	37	10	5	57
Schauendahl		122.300				49 ft 					54,50  	9,07  	54	30	3	9	4	11
Scheuen		123.500				180 ft 					52,67  	10,09  	52	40	6	10	5	16
Schlechtenfeld		123.350				1.804 ft 					48,28  	9,67  	48	17	2	9	40	26
Schlierstadt Selg		122.050				1.089 ft 					49,44  	9,36  	49	26	34	9	21	45
Schnuckenheide Repke		123.475	123.500			328 ft 					52,72  	10,53  	52	43	0	10	31	58
Schotten		123.500				1.640 ft 					50,54  	9,15  	50	32	6	9	8	56
Schreckhof Mosbach		123.500				899 ft 					49,35  	9,12  	49	21	5	9	7	15
Schwaighofen		123.000				1.549 ft 					48,38  	10,04  	48	23	5	10	2	6
Schwann Connweile		122.300				1.542 ft 					48,84  	8,54  	48	50	9	8	32	20
Sevelen		123.500				92 ft 					51,49  	6,43  	51	29	20	6	25	39
Siegen Eisernhard		123.375				1.273 ft 					50,84  	8,01  	50	50	15	8	0	47
Singhofen		123.150				984 ft 					50,27  	7,86  	50	16	23	7	51	24
Sinsheim		122.475				518 ft 					49,25  	8,89  	49	14	50	8	53	37
Stahringen Wahlwies		130.125				1.348 ft 					47,80  	8,98  	47	48	13	8	58	46
Stauffenbühl		123.500				853 ft 					51,17  	10,05  	51	9	56	10	2	56
Steinberg Surwold		123.500				98 ft 					52,96  	7,55  	52	57	21	7	33	17
Steinberg Wessel		123.500				623 ft 					52,08  	10,02  	52	5	3	10	0	56
Stillberghof		123.475				1.654 ft 					48,73  	10,83  	48	43	54	10	50	5
Stolberg Diepenli		123.500				853 ft 					50,77  	6,28  	50	46	6	6	16	45
Stüde Bernsteins		123.500	123.500			246 ft 					52,56  	10,68  	52	33	51	10	41	2
Sultmer Berg		123.150				722 ft 					51,73  	9,99  	51	43	46	9	59	29
Sundern Seidfeld		123.500				1.099 ft 					51,31  	7,98  	51	18	23	7	58	49
Tarmstedt		123.150				128 ft 					53,25  	9,11  	53	15	8	9	6	34
Tauberbischofshei		123.150				925 ft 					49,65  	9,63  	49	38	54	9	37	56
Taucha		122.000				492 ft 	25. Jul	600 m 	30 m 	G	51,40  	12,54  	51	23	56	12	32	15
Teck		122.175				1.214 ft 					48,61  	9,48  	48	36	35	9	28	45
Templin		123.475				202 ft 	27. Sep	1.000 m 	30 m 	B	53,03  	13,54  	53	1	36	13	32	25
Tirschenreuth Im		123.500	123.500			1.608 ft 					49,87  	12,33  	49	52	26	12	19	30
Titschendorf		122.300				2.135 ft 					50,40  	11,52  	50	23	50	11	31	28
Tröstau		123.350	123.500			1.837 ft 					50,02  	11,93  	50	1	11	11	55	53
Übersberg		123.150				2.559 ft 					48,46  	9,30  	48	27	27	9	18	16
Ummern		123.500				213 ft 					52,62  	10,41  	52	37	14	10	24	39
Unterwössen		122.300				1.821 ft 					47,73  	12,44  	47	43	42	12	26	13
Uslar		129.975				853 ft 					51,66  	9,61  	51	39	46	9	36	33
Utscheid		123.350				1.391 ft 					50,00  	6,34  	49	59	56	6	20	35
Vaihingen		123.375				1.024 ft 					48,94  	8,98  	48	56	11	8	58	43
Vielbrunn		123.150				1.509 ft 					49,72  	9,08  	49	43	11	9	4	36
Vinsebeck Franknb		123.500				810 ft 					51,84  	9,02  	51	50	32	9	0	55
Völkleshofen Lic		130.125				1.293 ft 					49,01  	9,36  	49	0	34	9	21	22
Wächtersberg Hub		123.475				1.959 ft 					48,61  	8,76  	48	36	53	8	45	19
Waldeck		123.475				1.312 ft 					51,22  	9,06  	51	13	26	9	3	26
Walsrode Luisenho		123.500				197 ft 					52,89  	9,60  	52	53	19	9	36	0
Wangen Kissleg		123.500				2.100 ft 					47,75  	9,86  	47	45	16	9	51	25
Warburg Heinberg		123.500				558 ft 					51,50  	9,09  	51	29	47	9	5	22
Weipertshofen		123.350				1.444 ft 					49,09  	10,13  	49	5	10	10	7	39
Welzheim		123.150				1.699 ft 					48,88  	9,66  	48	52	38	9	39	26
Wenzendorf Halle		123.500				217 ft 					53,34  	9,78  	53	20	16	9	46	46
Weper		123.500				1.165 ft 					51,71  	9,80  	51	42	41	9	48	4
Werl		122.100				269 ft 					51,57  	7,93  	51	34	26	7	55	37
Werneuchen		122.600				263 ft 	26. Aug	1.499 m 	80 m 	B	52,63  	13,77  	52	38	0	13	46	3
Wershofen Eifel		122.300				1.582 ft 	25. Jul	630 m 	30 m 	G	50,45  	6,79  	50	27	7	6	47	10
Wildberg		118.550				1.723 ft 					47,60  	9,74  	47	35	54	9	44	24
Wildberg, Kengel		123.000				1.670 ft 					48,64  	8,73  	48	38	10	8	43	54
Wilsche, Gifhorn		129.975				180 ft 					52,53  	10,46  	52	31	30	10	27	51
Wittstock Berlinc		122.200				259 ft 					53,22  	12,56  	53	13	17	12	33	39
Wustweiler		122.475				1.197 ft 					49,39  	7,02  	49	23	41	7	1	2
Zellhausen		122.300				371 ft 					50,02  	8,98  	50	1	8	8	58	56
Zierenberg Dornberg		122.300				1.411 ft 					51,37  	9,33  	51	22	7	9	20	2
